AA = 9.75487e-012
AB = -1.26522e-007
AC = 0.00040916
BA = -1.42594e-007
BB = 0.00180721
BC = -5.56575
CA = 0.000520884
CB = -6.44081
CC = 18751.4
TCA = -1.25951e-006
TCB = 0.0306708
TCC = -102.587
S0 = 0.000000
S1 = 0.000000
S2 = 0.000000
S3 = 0.000000
S4 = 0.000000
S5 = 0.000000
Mul = 8.500000
Fpa1 = 5717.230000
Fpa2 = 8912.360000
